# BEGIN PLOT
Legend=1
LogY=1
Title=${\rm p}/\pi$ in INEL pp collisions at $\sqrt{s} =  7$~TeV in $|y| < 0.5$.
XLabel=$p_{\rm T}$ (GeV/$c$)
YLabel=$({\rm p} + \bar{\rm p})/(\pi^{+} +\pi^{-})$
DrawOnly=/ALICE_2015_I1357424/d03-x01-y01 //afs/cern.ch/user/s/siragoni/RivetTutorial/ALICE_Tutorial_v2/Rivet.yoda/ALICE_2015_I1357424/d03-x01-y01
LegendOnly=/ALICE_2015_I1357424/d03-x01-y01 //afs/cern.ch/user/s/siragoni/RivetTutorial/ALICE_Tutorial_v2/Rivet.yoda/ALICE_2015_I1357424/d03-x01-y01
RatioPlot=1
RatioPlotReference=/ALICE_2015_I1357424/d03-x01-y01
# END PLOT

# BEGIN HISTO1D /ALICE_2015_I1357424/d03-x01-y01
ConnectBins=0
ErrorBars=1
IsRef=1
Path=/ALICE_2015_I1357424/d03-x01-y01
PolyMarker=*
Title=Data
# xlow	 xhigh	 val	 errminus	 errplus
3.000000e-01	3.500000e-01	3.054000e-02	2.923354e-03	2.923354e-03
3.500000e-01	4.000000e-01	3.803000e-02	3.402881e-03	3.402881e-03
4.000000e-01	4.500000e-01	4.597000e-02	3.942854e-03	3.942854e-03
4.500000e-01	5.000000e-01	5.541000e-02	1.929378e-03	1.929378e-03
5.000000e-01	5.500000e-01	6.428000e-02	2.059733e-03	2.059733e-03
5.500000e-01	6.000000e-01	7.368000e-02	2.220923e-03	2.220923e-03
6.000000e-01	6.500000e-01	8.015000e-02	3.867738e-03	3.867738e-03
6.500000e-01	7.000000e-01	8.967000e-02	4.358394e-03	4.358394e-03
7.000000e-01	7.500000e-01	9.938000e-02	4.610098e-03	4.610098e-03
7.500000e-01	8.000000e-01	1.103400e-01	4.814997e-03	4.814997e-03
8.000000e-01	8.500000e-01	1.187300e-01	4.259883e-03	4.259883e-03
8.500000e-01	9.000000e-01	1.287700e-01	4.647688e-03	4.647688e-03
9.000000e-01	9.500000e-01	1.380000e-01	4.910652e-03	4.910652e-03
9.500000e-01	1.000000e+00	1.449400e-01	5.159108e-03	5.159108e-03
1.000000e+00	1.100000e+00	1.587700e-01	5.881802e-03	5.881802e-03
1.100000e+00	1.200000e+00	1.725500e-01	6.231035e-03	6.231035e-03
1.200000e+00	1.300000e+00	1.866000e-01	6.789698e-03	6.789698e-03
1.300000e+00	1.400000e+00	1.982000e-01	7.218033e-03	7.218033e-03
1.400000e+00	1.500000e+00	2.098000e-01	1.040865e-02	1.040865e-02
1.500000e+00	1.600000e+00	2.203000e-01	7.746612e-03	7.746612e-03
1.600000e+00	1.700000e+00	2.274000e-01	8.178631e-03	8.178631e-03
1.700000e+00	1.800000e+00	2.352000e-01	8.590693e-03	8.590693e-03
1.800000e+00	1.900000e+00	2.392000e-01	8.926926e-03	8.926926e-03
1.900000e+00	2.000000e+00	2.445000e-01	9.264988e-03	9.264988e-03
2.000000e+00	2.100000e+00	2.492000e-01	9.701546e-03	9.701546e-03
2.100000e+00	2.200000e+00	2.482000e-01	9.656604e-03	9.656604e-03
2.200000e+00	2.300000e+00	2.496000e-01	9.521029e-03	9.521029e-03
2.300000e+00	2.400000e+00	2.522000e-01	9.803061e-03	9.803061e-03
2.400000e+00	2.500000e+00	2.445000e-01	9.929753e-03	9.929753e-03
2.500000e+00	2.600000e+00	2.571000e-01	1.780365e-02	1.780365e-02
2.600000e+00	2.700000e+00	2.550000e-01	1.755705e-02	1.755705e-02
2.700000e+00	2.800000e+00	2.609000e-01	1.882153e-02	1.882153e-02
2.800000e+00	2.900000e+00	2.543000e-01	1.762328e-02	1.762328e-02
2.900000e+00	3.000000e+00	2.576000e-01	1.868502e-02	1.868502e-02
# END HISTO1D


# BEGIN HISTO1D //afs/cern.ch/user/s/siragoni/RivetTutorial/ALICE_Tutorial_v2/Rivet.yoda/ALICE_2015_I1357424/d03-x01-y01
LineColor=red
LineStyle=solid
Path=//afs/cern.ch/user/s/siragoni/RivetTutorial/ALICE_Tutorial_v2/Rivet.yoda/ALICE_2015_I1357424/d03-x01-y01
Title=Rivet
XLabel=~
YLabel=~
# xlow	 xhigh	 val	 errminus	 errplus
3.000000e-01	3.500000e-01	4.857143e-02	1.206300e-02	1.206300e-02
3.500000e-01	4.000000e-01	5.647841e-02	1.407953e-02	1.407953e-02
4.000000e-01	4.500000e-01	4.905660e-02	1.393559e-02	1.393559e-02
4.500000e-01	5.000000e-01	4.700855e-02	1.450292e-02	1.450292e-02
5.000000e-01	5.500000e-01	8.629442e-02	2.181383e-02	2.181383e-02
5.500000e-01	6.000000e-01	6.451613e-02	1.921559e-02	1.921559e-02
6.000000e-01	6.500000e-01	1.526718e-01	3.665190e-02	3.665190e-02
6.500000e-01	7.000000e-01	1.200000e-01	2.993326e-02	2.993326e-02
7.000000e-01	7.500000e-01	5.691057e-02	2.211378e-02	2.211378e-02
7.500000e-01	8.000000e-01	1.413043e-01	4.186823e-02	4.186823e-02
8.000000e-01	8.500000e-01	1.397849e-01	4.139045e-02	4.139045e-02
8.500000e-01	9.000000e-01	1.126761e-01	4.202145e-02	4.202145e-02
9.000000e-01	9.500000e-01	1.730769e-01	6.248577e-02	6.248577e-02
9.500000e-01	1.000000e+00	2.307692e-01	7.390530e-02	7.390530e-02
1.000000e+00	1.100000e+00	1.666667e-01	4.500514e-02	4.500514e-02
1.100000e+00	1.200000e+00	2.343750e-01	6.723404e-02	6.723404e-02
1.200000e+00	1.300000e+00	9.433962e-02	4.413521e-02	4.413521e-02
1.300000e+00	1.400000e+00	1.400000e-01	5.649779e-02	5.649779e-02
1.400000e+00	1.500000e+00	3.461538e-01	1.338737e-01	1.338737e-01
1.500000e+00	1.600000e+00	4.615385e-01	1.610729e-01	1.610729e-01
1.600000e+00	1.700000e+00	2.187500e-01	9.127595e-02	9.127595e-02
1.700000e+00	1.800000e+00	2.727273e-01	1.256090e-01	1.256090e-01
1.800000e+00	1.900000e+00	4.166667e-01	2.217878e-01	2.217878e-01
1.900000e+00	2.000000e+00	1.111111e-01	8.281733e-02	8.281733e-02
2.000000e+00	2.100000e+00	2.857143e-01	1.619848e-01	1.619848e-01
2.100000e+00	2.200000e+00	1.818182e-01	1.397647e-01	1.397647e-01
2.200000e+00	2.300000e+00	8.333333e-02	8.673608e-02	8.673608e-02
2.300000e+00	2.400000e+00	7.500000e-01	5.728220e-01	5.728220e-01
2.400000e+00	2.500000e+00	2.500000e-01	1.976424e-01	1.976424e-01
2.500000e+00	2.600000e+00	1.500000e+00	1.369306e+00	1.369306e+00
2.600000e+00	2.700000e+00	1.000000e+00	1.414214e+00	1.414214e+00
2.700000e+00	2.800000e+00	0.000000e+00	0.000000e+00	0.000000e+00
2.800000e+00	2.900000e+00	7.500000e-01	5.728220e-01	5.728220e-01
2.900000e+00	3.000000e+00	0.000000e+00	0.000000e+00	0.000000e+00
# END HISTO1D

